 name:     germanium                                              Feff 8.40
 formula:  Ge
 sites:    Ge1
 refer1:   Kittel, ISSP
 refer2:
 schoen:
 notes1:   diamond structure
 POT  Non-SCF, core-hole, AFOLP (folp(0)= 1.150)
 Abs   Z=32 Rmt= 1.406 Rnm= 1.561 K  shell
 Pot 1 Z=32 Rmt= 1.409 Rnm= 1.567
 Gam_ch=2.284E+00 H-L exch
 Mu=-6.724E-01 kf=1.842E+00 Vint=-1.360E+01 Rs_int= 1.969
 PATH  Rmax= 6.000,  Keep_limit= 0.00, Heap_limit 0.00  Pwcrit= 2.50%
 Path    1      icalc       2
 -----------------------------------------------------------------------
   2   4.000   2.4500    2.9607   -0.67238 nleg, deg, reff, rnrmav(bohr), edge
        x         y         z   pot at#
     0.0000    0.0000    0.0000  0  32 Ge       absorbing atom
    -1.4145    1.4145    1.4145  1  32 Ge    
    k   real[2*phc]   mag[feff]  phase[feff] red factor   lambda     real[p]@#
  0.000  5.8513E+00  3.0789E-05 -4.5245E+00  1.061E+00  1.2299E+01  1.8436E+00
  0.100  5.8493E+00  5.0423E-02 -5.0039E+00  1.061E+00  1.2316E+01  1.8462E+00
  0.200  5.8435E+00  9.9654E-02 -5.4611E+00  1.061E+00  1.2367E+01  1.8539E+00
  0.300  5.8337E+00  1.4654E-01 -5.8969E+00  1.062E+00  1.2448E+01  1.8669E+00
  0.400  5.8199E+00  1.9004E-01 -6.3117E+00  1.062E+00  1.2553E+01  1.8848E+00
  0.500  5.8020E+00  2.2920E-01 -6.7060E+00  1.063E+00  1.2675E+01  1.9076E+00
  0.600  5.7799E+00  2.6324E-01 -7.0807E+00  1.064E+00  1.2806E+01  1.9351E+00
  0.700  5.7537E+00  2.9156E-01 -7.4365E+00  1.066E+00  1.2933E+01  1.9672E+00
  0.800  5.7231E+00  3.1371E-01 -7.7743E+00  1.067E+00  1.3047E+01  2.0037E+00
  0.900  5.6882E+00  3.2947E-01 -8.0950E+00  1.069E+00  1.3136E+01  2.0445E+00
  1.000  5.6490E+00  3.3902E-01 -8.3994E+00  1.072E+00  1.3190E+01  2.0893E+00
  1.100  5.6053E+00  3.4209E-01 -8.6891E+00  1.074E+00  1.3200E+01  2.1380E+00
  1.200  5.5572E+00  3.3922E-01 -8.9650E+00  1.077E+00  1.3162E+01  2.1905E+00
  1.300  5.5046E+00  3.3102E-01 -9.2279E+00  1.081E+00  1.3072E+01  2.2468E+00
  1.400  5.4475E+00  3.1820E-01 -9.4790E+00  1.084E+00  1.2934E+01  2.3066E+00
  1.500  5.3860E+00  3.0170E-01 -9.7191E+00  1.088E+00  1.2752E+01  2.3701E+00
  1.600  5.3199E+00  2.8274E-01 -9.9489E+00  1.092E+00  1.2537E+01  2.4371E+00
  1.700  5.2491E+00  2.6247E-01 -1.0168E+01  1.097E+00  1.2302E+01  2.5078E+00
  1.800  5.1736E+00  2.4205E-01 -1.0376E+01  1.100E+00  1.2062E+01  2.5821E+00
  1.900  5.0931E+00  2.2250E-01 -1.0569E+01  1.103E+00  1.1835E+01  2.6603E+00
  2.000  5.0074E+00  2.0441E-01 -1.0741E+01  1.106E+00  1.1641E+01  2.7425E+00
  2.200  4.7958E+00  1.7420E-01 -1.0957E+01  1.106E+00  1.1449E+01  2.9296E+00
  2.400  4.6149E+00  1.5234E-01 -1.1038E+01  1.257E+00  6.8460E+00  3.1116E+00
  2.600  4.5597E+00  1.2087E-01 -1.1250E+01  1.317E+00  5.8315E+00  3.2440E+00
  2.800  4.5039E+00  1.0340E-01 -1.1323E+01  1.346E+00  5.3751E+00  3.3810E+00
  3.000  4.4384E+00  1.0031E-01 -1.1244E+01  1.348E+00  5.1826E+00  3.5271E+00
  3.200  4.3665E+00  1.1094E-01 -1.1111E+01  1.331E+00  5.1267E+00  3.6794E+00
  3.400  4.2869E+00  1.3145E-01 -1.1012E+01  1.305E+00  5.1542E+00  3.8371E+00
  3.600  4.2001E+00  1.5963E-01 -1.0947E+01  1.277E+00  5.2381E+00  3.9997E+00
  3.800  4.1073E+00  1.9417E-01 -1.0920E+01  1.248E+00  5.3632E+00  4.1665E+00
  4.000  4.0093E+00  2.3737E-01 -1.0933E+01  1.221E+00  5.5202E+00  4.3371E+00
  4.200  3.9074E+00  2.8530E-01 -1.0968E+01  1.198E+00  5.7027E+00  4.5110E+00
  4.400  3.8013E+00  3.3928E-01 -1.1040E+01  1.175E+00  5.9066E+00  4.6878E+00
  4.600  3.6922E+00  3.9643E-01 -1.1129E+01  1.155E+00  6.1287E+00  4.8671E+00
  4.800  3.5805E+00  4.5421E-01 -1.1224E+01  1.137E+00  6.3666E+00  5.0486E+00
  5.000  3.4669E+00  5.0985E-01 -1.1324E+01  1.118E+00  6.6186E+00  5.2319E+00
  5.200  3.3521E+00  5.6107E-01 -1.1420E+01  1.103E+00  6.8834E+00  5.4170E+00
  5.400  3.2374E+00  6.0584E-01 -1.1511E+01  1.089E+00  7.1596E+00  5.6035E+00
  5.600  3.1243E+00  6.4281E-01 -1.1596E+01  1.074E+00  7.4466E+00  5.7913E+00
  5.800  3.0128E+00  6.7092E-01 -1.1672E+01  1.062E+00  7.7434E+00  5.9802E+00
  6.000  2.9035E+00  6.9199E-01 -1.1742E+01  1.050E+00  8.0495E+00  6.1701E+00
  6.500  2.6427E+00  7.2315E-01 -1.1902E+01  1.025E+00  8.8519E+00  6.6486E+00
  7.000  2.3961E+00  7.4076E-01 -1.2047E+01  1.006E+00  9.7024E+00  7.1313E+00
  7.500  2.1575E+00  7.4743E-01 -1.2188E+01  9.920E-01  1.0596E+01  7.6171E+00
  8.000  1.9240E+00  7.3386E-01 -1.2320E+01  9.808E-01  1.1530E+01  8.1053E+00
  8.500  1.7007E+00  7.0260E-01 -1.2442E+01  9.714E-01  1.2501E+01  8.5955E+00
  9.000  1.4899E+00  6.6421E-01 -1.2557E+01  9.635E-01  1.3507E+01  9.0871E+00
  9.500  1.2917E+00  6.2709E-01 -1.2668E+01  9.573E-01  1.4546E+01  9.5799E+00
 10.000  1.1032E+00  5.8956E-01 -1.2780E+01  9.528E-01  1.5617E+01  1.0074E+01
 11.000  7.4517E-01  5.0194E-01 -1.3003E+01  9.444E-01  1.7846E+01  1.1064E+01
 12.000  4.1435E-01  4.2528E-01 -1.3225E+01  9.343E-01  2.0187E+01  1.2056E+01
 13.000  1.0550E-01  3.5962E-01 -1.3449E+01  9.277E-01  2.2632E+01  1.3049E+01
 14.000 -1.8350E-01  3.0216E-01 -1.3674E+01  9.238E-01  2.5174E+01  1.4044E+01
 15.000 -4.4980E-01  2.5268E-01 -1.3894E+01  9.220E-01  2.7808E+01  1.5040E+01
 16.000 -6.9910E-01  2.0505E-01 -1.4085E+01  9.217E-01  3.0529E+01  1.6037E+01
 17.000 -9.3110E-01  1.7242E-01 -1.4209E+01  9.221E-01  3.3333E+01  1.7034E+01
 18.000 -1.1477E+00  1.5339E-01 -1.4329E+01  9.232E-01  3.6216E+01  1.8031E+01
 19.000 -1.3515E+00  1.4254E-01 -1.4450E+01  9.246E-01  3.9175E+01  1.9029E+01
 20.000 -1.5424E+00  1.3702E-01 -1.4582E+01  9.262E-01  4.2206E+01  2.0027E+01
